102 7 
1629

0 25 7
0 42 2
0 91 3
1 16 2
1 18 4
1 19 3
1 21 3
1 22 7
1 23 7
1 25 9
1 26 2
1 29 8
1 30 6
1 31 9
1 33 1
1 35 2
1 37 10
1 38 1
1 39 5
1 40 5
1 41 2
1 42 4
1 43 7
1 46 1
1 47 2
1 49 1
1 50 10
1 52 3
1 53 5
1 54 8
1 56 4
1 58 8
1 59 4
1 60 4
1 63 8
1 65 6
1 69 8
1 71 6
1 72 3
1 76 5
1 77 6
1 78 4
1 79 8
1 80 2
1 81 6
1 82 2
1 83 6
1 84 10
1 85 3
1 89 6
1 92 2
1 93 1
1 96 8
1 97 7
1 99 10
1 101 6
2 25 5
2 31 9
2 44 5
2 47 6
2 52 1
2 54 10
2 58 8
2 65 9
2 68 7
2 79 6
2 98 1
3 19 5
3 23 5
3 30 2
3 35 8
3 37 5
3 40 9
3 41 8
3 42 8
3 44 3
3 50 6
3 51 6
3 54 2
3 55 4
3 57 3
3 61 10
3 68 8
3 76 8
3 79 1
3 81 2
3 83 6
3 101 2
4 16 7
4 18 9
4 21 1
4 22 4
4 24 8
4 25 3
4 26 7
4 27 9
4 28 3
4 29 9
4 32 1
4 33 3
4 37 3
4 39 2
4 43 5
4 44 4
4 45 3
4 56 10
4 59 4
4 60 1
4 63 3
4 67 6
4 68 7
4 71 4
4 72 7
4 73 10
4 77 1
4 81 3
4 82 6
4 86 2
4 88 6
4 95 7
4 98 7
4 99 4
4 100 9
5 19 5
5 25 9
5 27 7
5 28 6
5 33 3
5 34 6
5 36 1
5 38 6
5 39 4
5 41 8
5 47 6
5 50 6
5 51 10
5 53 2
5 54 8
5 55 9
5 56 4
5 57 8
5 60 5
5 62 8
5 63 9
5 65 6
5 67 9
5 69 6
5 73 3
5 74 1
5 75 10
5 76 5
5 77 4
5 78 4
5 82 5
5 83 6
5 84 5
5 89 6
5 90 5
5 93 4
5 94 2
5 95 9
5 96 1
5 97 1
5 99 1
5 101 2
6 24 4
6 31 5
6 51 5
6 53 9
6 68 2
7 18 10
7 20 9
7 26 7
7 29 8
7 30 6
7 42 2
7 43 7
7 49 3
7 61 1
7 73 7
7 75 6
7 78 7
7 83 4
7 90 10
7 92 4
7 93 5
7 101 6
8 18 6
8 19 8
8 20 6
8 23 3
8 24 2
8 25 1
8 26 10
8 27 3
8 28 2
8 29 10
8 30 10
8 31 4
8 33 2
8 35 5
8 36 9
8 37 3
8 38 7
8 39 7
8 40 2
8 41 5
8 42 4
8 44 6
8 46 10
8 47 3
8 49 1
8 50 2
8 51 2
8 52 8
8 53 8
8 57 8
8 61 5
8 62 9
8 69 10
8 74 8
8 76 2
8 77 9
8 79 8
8 80 2
8 81 7
8 83 8
8 85 4
8 86 9
8 88 1
8 89 6
8 93 8
8 99 3
8 100 8
9 16 8
9 19 1
9 21 1
9 22 10
9 36 4
9 42 9
9 45 9
9 46 9
9 49 8
9 50 6
9 52 6
9 54 8
9 65 3
9 70 9
9 71 3
9 73 4
9 74 2
9 75 8
9 77 4
9 79 3
9 82 2
9 89 6
9 96 4
9 100 4
10 16 1
10 18 4
10 24 5
10 37 9
10 39 6
10 46 4
10 51 5
10 55 2
10 73 1
10 79 9
10 82 2
10 87 4
10 92 5
10 96 10
11 16 1
11 19 2
11 20 10
11 22 4
11 23 3
11 24 6
11 25 8
11 26 7
11 27 10
11 28 5
11 29 7
11 30 2
11 31 5
11 32 4
11 33 4
11 34 4
11 35 4
11 37 1
11 40 8
11 41 7
11 44 8
11 48 8
11 49 8
11 50 10
11 51 3
11 52 1
11 55 2
11 57 2
11 58 2
11 61 3
11 62 3
11 68 10
11 69 6
11 70 3
11 71 3
11 73 6
11 74 9
11 78 4
11 84 3
11 85 3
11 86 4
11 89 10
11 90 1
11 93 2
11 94 6
11 95 1
11 97 9
11 99 9
11 100 2
12 21 6
12 22 9
12 27 3
12 32 9
12 40 10
12 41 4
12 54 2
12 60 2
12 61 4
12 78 6
12 79 2
12 89 9
12 91 5
12 92 3
12 100 4
13 25 8
13 36 9
13 49 9
13 53 4
13 59 9
13 71 2
13 83 6
13 94 2
14 17 7
14 19 7
14 20 8
14 22 3
14 25 1
14 27 8
14 31 1
14 33 4
14 36 7
14 37 10
14 38 6
14 41 3
14 47 10
14 48 7
14 50 5
14 61 9
14 62 1
14 64 6
14 68 3
14 72 6
14 79 4
14 82 4
14 87 5
14 88 10
14 92 9
14 95 9
14 100 2
14 101 4
15 17 8
15 18 6
15 24 2
15 25 1
15 26 2
15 27 9
15 31 3
15 32 2
15 33 6
15 35 9
15 36 10
15 38 2
15 40 4
15 43 4
15 44 4
15 52 4
15 53 3
15 56 10
15 58 6
15 59 6
15 60 6
15 61 7
15 64 3
15 67 9
15 68 3
15 73 6
15 76 2
15 77 5
15 81 3
15 83 3
15 84 2
15 87 3
15 88 9
15 89 3
15 96 4
15 98 7
15 99 3
16 25 9
16 27 9
16 28 9
16 29 8
16 32 3
16 33 5
16 35 9
16 36 10
16 37 7
16 38 10
16 39 2
16 41 7
16 43 5
16 45 6
16 46 7
16 49 5
16 50 8
16 55 6
16 56 4
16 59 7
16 60 5
16 62 5
16 63 6
16 64 2
16 65 6
16 68 3
16 70 3
16 72 5
16 74 6
16 75 2
16 76 1
16 82 3
16 83 6
16 84 9
16 86 1
16 90 2
16 91 9
16 94 10
16 95 9
16 96 1
16 99 10
16 100 3
17 22 4
17 23 1
17 29 10
17 31 7
17 32 10
17 35 8
17 36 6
17 38 9
17 40 8
17 44 10
17 45 4
17 48 2
17 49 5
17 50 3
17 51 4
17 54 8
17 55 3
17 56 7
17 61 2
17 62 2
17 64 3
17 65 10
17 66 8
17 67 7
17 68 5
17 69 7
17 73 5
17 74 2
17 75 3
17 77 1
17 81 7
17 87 2
17 89 4
17 91 7
17 93 2
17 94 1
17 95 1
17 96 1
17 97 9
18 25 5
18 26 5
18 31 7
18 33 1
18 38 8
18 40 10
18 41 8
18 42 8
18 43 1
18 46 7
18 47 3
18 51 2
18 52 8
18 55 1
18 58 10
18 60 2
18 62 3
18 63 4
18 65 8
18 69 4
18 70 9
18 74 2
18 76 1
18 82 2
18 83 4
18 85 8
18 88 4
18 90 4
18 91 4
18 94 4
18 96 7
18 97 2
18 99 5
19 26 10
19 29 2
19 42 1
19 52 8
19 53 5
19 57 3
19 59 6
19 60 7
19 63 8
19 66 9
19 67 4
19 73 1
19 90 1
19 92 7
19 93 8
19 97 1
19 100 10
20 22 5
20 28 10
20 41 8
20 52 4
20 61 7
20 71 10
20 75 9
20 76 4
20 82 7
20 88 10
20 93 9
21 24 2
21 25 4
21 29 4
21 30 9
21 32 4
21 34 8
21 38 1
21 40 4
21 42 6
21 44 10
21 48 9
21 53 6
21 54 8
21 56 6
21 62 4
21 65 6
21 67 1
21 68 4
21 69 9
21 71 7
21 73 4
21 74 3
21 75 5
21 76 8
21 79 3
21 81 8
21 82 5
21 83 9
21 86 2
21 87 4
21 88 10
21 91 9
21 99 5
21 101 2
22 31 4
22 32 1
22 34 2
22 35 8
22 36 3
22 37 9
22 38 1
22 39 9
22 40 6
22 42 8
22 44 6
22 46 6
22 47 4
22 50 3
22 51 3
22 53 10
22 54 6
22 57 6
22 58 4
22 59 9
22 61 8
22 63 1
22 65 5
22 66 9
22 67 2
22 69 7
22 70 2
22 71 3
22 73 8
22 74 4
22 75 1
22 76 7
22 78 2
22 79 1
22 80 7
22 84 9
22 85 4
22 86 2
22 89 4
22 90 8
22 91 10
22 92 10
22 95 2
22 99 5
22 100 7
23 39 4
23 42 8
23 48 9
23 59 4
23 64 2
23 67 9
23 72 4
23 76 2
23 77 6
23 78 5
23 89 7
23 90 5
23 92 4
23 93 8
23 100 5
24 31 6
24 36 5
24 38 10
24 41 3
24 45 2
24 46 5
24 47 9
24 48 8
24 49 9
24 52 6
24 55 4
24 56 10
24 57 7
24 58 9
24 61 6
24 63 5
24 64 4
24 67 4
24 68 8
24 69 4
24 70 8
24 75 1
24 77 7
24 78 4
24 79 6
24 80 4
24 82 4
24 83 8
24 87 6
24 90 10
24 91 2
24 94 8
24 95 7
24 97 7
24 98 8
24 99 10
24 100 2
24 101 5
25 32 3
25 33 4
25 36 9
25 43 1
25 44 8
25 45 5
25 46 4
25 47 7
25 50 10
25 51 5
25 52 5
25 60 9
25 68 7
25 70 5
25 71 10
25 72 8
25 74 3
25 75 1
25 76 7
25 77 5
25 78 5
25 81 10
25 82 10
25 84 8
25 87 2
25 89 4
25 90 7
25 93 2
25 95 9
25 96 9
25 98 8
25 99 8
25 100 9
26 31 6
26 33 6
26 40 6
26 41 3
26 43 4
26 44 6
26 45 9
26 46 3
26 49 1
26 51 7
26 53 3
26 54 10
26 55 2
26 56 1
26 58 8
26 60 10
26 64 2
26 68 4
26 69 7
26 75 7
26 77 4
26 78 8
26 81 6
26 84 1
26 85 1
26 89 5
26 93 3
26 95 9
26 99 4
27 32 6
27 34 3
27 35 7
27 36 5
27 37 3
27 39 8
27 40 4
27 42 2
27 43 5
27 44 2
27 45 3
27 46 10
27 48 10
27 51 6
27 53 1
27 57 4
27 59 9
27 60 9
27 61 4
27 64 8
27 70 9
27 71 8
27 72 6
27 73 9
27 77 7
27 78 8
27 79 1
27 82 9
27 83 2
27 84 1
27 87 6
27 88 5
27 91 7
27 93 7
27 94 8
27 95 10
27 99 10
28 32 7
28 33 9
28 35 3
28 36 8
28 37 1
28 39 4
28 40 2
28 43 4
28 45 3
28 46 9
28 48 6
28 50 3
28 51 4
28 52 7
28 53 7
28 54 3
28 55 1
28 58 1
28 59 7
28 61 6
28 62 1
28 63 2
28 65 7
28 66 6
28 67 4
28 68 5
28 69 4
28 70 8
28 71 5
28 72 2
28 74 3
28 75 1
28 76 6
28 79 8
28 80 4
28 83 8
28 84 7
28 88 6
28 89 1
28 90 5
28 93 1
28 95 5
28 98 9
28 99 5
28 100 3
28 101 8
29 31 7
29 34 7
29 38 1
29 49 1
29 55 4
29 57 3
29 61 5
29 62 3
29 66 9
29 71 8
29 73 10
29 75 7
29 81 7
29 83 9
29 84 7
29 93 8
29 94 2
29 98 7
29 100 7
29 101 5
30 33 3
30 40 5
30 43 2
30 47 10
30 48 10
30 49 5
30 51 2
30 54 2
30 55 9
30 60 10
30 61 5
30 64 2
30 65 7
30 66 5
30 67 2
30 68 4
30 72 3
30 82 4
30 83 8
30 86 4
30 88 10
30 90 5
30 91 4
30 101 1
31 49 6
31 52 5
31 55 8
31 63 9
31 67 2
31 68 2
31 69 8
31 71 6
31 74 8
31 79 3
31 80 3
31 81 5
31 100 9
31 101 2
32 46 3
32 48 7
32 49 2
32 52 5
32 53 3
32 57 2
32 58 10
32 60 1
32 61 2
32 63 3
32 64 10
32 65 8
32 66 4
32 67 6
32 71 5
32 74 6
32 76 7
32 77 5
32 81 7
32 83 7
32 86 1
32 88 7
32 90 8
32 91 4
32 93 1
32 94 3
32 95 1
32 100 5
32 101 1
33 48 10
33 49 6
33 52 4
33 54 3
33 58 4
33 59 3
33 65 5
33 68 10
33 72 10
33 73 7
33 75 1
33 76 1
33 78 6
33 84 7
33 89 6
33 90 9
33 93 1
33 98 1
33 100 4
34 46 2
34 47 5
34 49 8
34 51 2
34 52 5
34 54 7
34 55 6
34 56 8
34 57 8
34 61 1
34 62 9
34 63 1
34 69 10
34 70 1
34 72 9
34 73 6
34 74 6
34 76 3
34 78 6
34 88 5
34 89 1
34 90 2
34 91 4
34 92 2
34 96 3
34 97 6
34 99 1
34 100 10
34 101 8
35 45 8
35 48 5
35 49 10
35 58 6
35 60 7
35 63 5
35 64 5
35 67 8
35 68 6
35 73 9
35 79 9
35 81 6
35 84 5
35 86 10
35 95 10
35 98 9
36 49 4
36 61 1
36 72 8
36 79 6
36 89 9
36 94 5
36 97 7
36 99 4
37 52 10
37 53 3
37 61 6
37 62 2
37 63 5
37 65 3
37 67 5
37 68 7
37 69 3
37 70 8
37 81 5
37 83 6
37 85 6
37 89 8
37 91 9
37 95 5
37 98 1
37 100 9
37 101 9
38 48 3
38 58 3
38 60 7
38 61 1
38 68 2
38 77 1
38 79 3
38 80 1
38 81 7
38 86 5
38 90 4
38 93 4
38 97 4
39 45 6
39 46 10
39 47 6
39 48 6
39 49 7
39 50 8
39 54 6
39 56 7
39 57 6
39 58 4
39 59 6
39 63 10
39 65 7
39 66 3
39 74 1
39 80 8
39 81 7
39 83 6
39 86 4
39 90 4
39 92 7
40 46 9
40 47 6
40 48 6
40 52 3
40 53 8
40 56 7
40 57 7
40 58 8
40 59 6
40 63 3
40 65 1
40 66 10
40 68 2
40 69 9
40 71 7
40 74 5
40 75 9
40 76 6
40 77 5
40 78 5
40 79 1
40 80 7
40 81 1
40 82 10
40 86 1
40 87 6
40 90 7
40 91 2
40 93 9
40 94 5
40 97 10
40 98 3
41 54 2
41 72 2
41 76 10
42 46 10
42 50 4
42 51 7
42 52 2
42 55 10
42 57 1
42 58 4
42 59 4
42 60 3
42 61 3
42 65 6
42 66 5
42 67 9
42 71 1
42 72 4
42 73 1
42 78 10
42 79 4
42 83 10
42 91 7
42 94 1
42 95 8
42 96 7
42 98 1
42 100 3
42 101 10
43 45 1
43 47 2
43 48 3
43 54 1
43 59 8
43 60 4
43 61 5
43 63 4
43 67 4
43 68 6
43 71 6
43 74 1
43 78 2
43 82 10
43 83 7
43 84 6
43 86 9
43 87 10
43 97 4
43 99 5
44 50 5
44 51 3
44 52 3
44 57 7
44 63 5
44 64 1
44 69 5
44 99 5
45 51 10
45 55 2
45 56 9
45 60 2
45 62 2
45 64 1
45 68 9
45 69 2
45 70 8
45 76 1
45 77 10
45 78 7
45 83 8
45 86 8
45 88 8
45 89 8
45 93 5
45 94 10
45 95 3
45 96 5
45 97 7
45 98 5
46 48 8
46 51 1
46 54 5
46 56 10
46 58 5
46 60 10
46 62 7
46 65 7
46 66 2
46 67 4
46 68 10
46 69 6
46 71 5
46 77 6
46 80 9
46 84 10
46 85 7
46 86 7
46 88 7
46 89 9
46 90 8
46 92 2
46 93 2
46 94 9
46 95 3
46 97 5
46 98 3
47 49 2
47 55 6
47 56 9
47 57 10
47 58 3
47 61 10
47 62 8
47 64 7
47 70 5
47 74 6
47 75 8
47 76 5
47 78 3
47 79 4
47 82 7
47 84 10
47 85 9
47 87 9
47 91 5
47 92 4
47 95 5
47 97 1
47 100 7
48 61 5
48 65 9
48 67 6
48 68 10
48 71 4
48 73 10
48 74 4
48 76 6
48 77 8
48 78 1
48 79 5
48 80 10
48 84 9
48 85 3
48 86 6
48 88 10
48 89 8
48 90 9
48 91 10
48 94 9
48 95 5
48 96 9
48 98 9
48 101 5
49 63 8
49 66 9
49 70 7
49 73 2
49 85 1
49 93 5
50 60 9
50 65 4
50 70 9
50 73 10
50 76 9
50 80 7
50 88 1
50 90 6
50 91 8
50 92 10
50 94 5
51 61 10
51 62 2
51 66 1
51 69 9
51 72 10
51 81 6
51 82 6
51 85 5
51 90 4
51 93 7
51 96 1
51 97 3
52 60 1
52 67 2
52 80 2
53 60 1
53 61 4
53 62 10
53 63 7
53 64 8
53 65 10
53 66 5
53 67 8
53 70 3
53 72 10
53 73 2
53 76 6
53 78 3
53 81 3
53 82 10
53 83 6
53 84 10
53 85 5
53 86 1
53 88 8
53 93 9
53 95 9
53 97 6
53 98 5
53 100 10
54 61 8
54 69 3
54 77 7
54 89 7
54 96 2
54 100 1
55 62 4
55 64 1
55 67 2
55 70 6
55 71 2
55 72 6
55 77 10
55 79 9
55 87 6
55 92 8
55 95 5
55 98 4
55 101 7
56 60 10
56 63 9
56 64 8
56 69 10
56 72 9
56 75 10
56 77 1
56 84 9
56 85 9
56 87 9
56 89 4
56 92 7
56 93 7
56 100 1
57 63 7
57 64 6
57 68 9
57 77 7
57 78 9
57 79 5
57 87 8
57 93 7
57 100 2
58 60 3
58 61 8
58 63 8
58 64 5
58 65 10
58 67 5
58 68 2
58 72 9
58 74 8
58 75 2
58 76 6
58 77 8
58 85 2
58 86 4
58 93 10
58 94 10
58 95 4
58 99 6
58 100 4
58 101 6
59 60 1
59 61 1
59 62 2
59 63 9
59 64 1
59 66 1
59 68 3
59 69 5
59 71 7
59 72 10
59 74 7
59 76 1
59 78 9
59 80 6
59 82 6
59 86 2
59 87 8
59 90 9
59 94 7
59 98 8
59 101 6
60 70 4
60 77 3
60 80 6
60 81 5
60 87 6
60 89 5
60 90 3
60 93 8
60 98 5
60 100 1
60 101 1
61 69 1
61 72 6
61 74 5
61 75 10
61 79 9
61 81 10
61 83 7
61 84 9
61 86 6
61 89 5
61 91 4
61 94 6
61 95 8
61 100 3
62 69 1
62 75 3
62 83 5
62 94 9
63 69 4
63 70 1
63 73 2
63 76 10
63 79 10
63 80 3
63 81 2
63 82 6
63 83 10
63 84 2
63 85 3
63 88 4
63 91 3
63 92 2
63 93 3
63 94 6
63 98 2
63 99 9
64 70 1
64 71 1
64 73 6
64 74 1
64 77 1
64 78 6
64 80 4
64 81 3
64 83 9
64 84 2
64 86 6
64 87 4
64 90 1
64 93 3
64 94 6
64 95 4
64 96 1
64 97 8
64 99 3
64 101 3
65 71 5
65 73 4
65 74 9
65 77 9
65 86 10
65 97 4
66 71 4
66 73 3
66 74 10
66 76 10
66 77 9
66 80 1
66 83 2
66 85 9
66 86 3
66 87 8
66 88 8
66 89 10
66 90 3
66 94 10
66 95 9
66 97 4
66 98 6
66 99 1
67 74 2
67 85 2
68 71 1
68 74 3
68 75 6
68 78 1
68 87 4
68 88 1
68 90 7
68 91 5
68 93 3
68 96 2
68 100 2
69 84 2
69 88 5
69 92 9
69 94 6
69 97 2
70 83 2
70 85 8
70 87 2
70 89 3
70 94 5
70 97 1
71 82 9
71 83 10
71 86 1
71 87 7
71 89 1
71 91 2
71 93 3
71 95 1
71 96 5
71 97 8
71 98 1
71 101 9
72 82 3
72 83 4
72 86 4
72 87 10
72 89 6
72 91 9
72 92 10
72 93 5
72 98 10
73 82 10
73 86 9
73 87 2
73 88 8
73 90 9
73 92 2
73 93 8
73 94 8
73 95 6
73 99 5
73 101 6
74 83 5
74 89 3
74 96 9
75 82 10
75 86 1
75 89 7
75 90 7
75 91 4
75 94 4
75 98 7
75 99 10
76 82 4
76 83 4
76 85 10
76 86 4
76 88 9
76 89 7
76 92 9
76 94 1
76 98 5
76 99 6
76 100 10
76 101 5
77 83 9
77 85 9
77 87 10
77 89 3
77 92 1
77 93 9
77 95 8
78 82 6
78 84 5
78 86 6
78 87 2
78 89 1
78 93 1
78 94 2
78 96 2
78 97 4
78 100 2
78 101 3
79 82 8
79 83 5
79 90 10
79 92 9
79 93 2
79 96 5
79 97 4
79 99 3
79 101 1
80 87 9
80 89 10
80 90 6
80 91 8
80 93 3
80 94 4
80 96 7
80 97 3
80 98 6
80 99 2
80 100 6
80 101 8
81 84 9
81 85 6
81 87 10
81 89 4
82 90 9
82 94 1
82 96 10
83 90 2
83 91 2
83 92 10
83 93 8
83 95 2
83 96 7
83 97 3
83 98 7
83 100 9
84 92 6
84 94 9
84 101 10
85 89 4
85 90 6
85 93 10
85 94 3
85 95 5
85 96 8
85 97 4
85 99 2
85 100 5
85 101 7
86 93 10
86 96 2
86 101 8
87 89 2
87 92 7
88 90 2
88 93 4
88 95 10
88 96 10
88 97 10
88 98 10
88 99 5
88 100 3
89 100 10
90 100 1
91 100 3
92 100 6
93 100 4
94 100 2
95 100 10
96 100 1
97 100 5
98 100 8
99 100 6
100 100 10
101 100 1
10 15 20 36 26 18 19 
10 41 14 30 35 30 30 
24 5 38 34 8 29 6 
8 12 27 28 7 31 34 
37 10 8 22 24 34 33 
29 30 34 39 28 36 28 
7 7 13 34 30 31 22 
30 10 3 37 3 12 6 
10 36 33 33 41 16 35 
12 7 22 20 38 33 28 
38 28 3 31 36 5 11 
30 25 26 8 36 8 27 
20 37 11 23 2 12 7 
25 29 27 5 40 17 5 
4 9 7 12 8 20 18 
21 10 15 10 31 34 39 
29 9 11 27 5 29 41 
6 22 9 4 6 11 2 
13 15 18 28 31 28 26 
33 31 37 38 35 18 41 
15 20 24 25 19 21 40 
30 16 5 8 39 20 16 
27 26 11 27 24 10 16 
6 12 34 12 6 33 25 
14 29 2 38 26 29 22 
3 27 11 6 36 11 36 
28 39 25 6 32 3 10 
33 6 8 5 20 18 14 
27 39 5 24 7 12 28 
18 35 22 19 26 37 19 
10 3 37 18 20 32 8 
39 35 2 20 25 37 8 
33 23 19 8 28 33 7 
27 11 32 35 33 21 12 
38 13 22 13 17 3 19 
16 12 7 37 36 35 38 
11 10 39 2 16 40 33 
36 9 13 7 30 39 33 
37 23 9 37 31 7 29 
27 29 39 33 25 6 41 
3 25 36 3 16 26 15 
31 31 16 22 26 33 25 
26 39 40 15 32 33 35 
13 40 24 6 4 4 4 
21 20 18 28 40 39 15 
21 3 23 14 38 34 6 
30 24 19 25 10 35 41 
36 29 18 39 25 38 20 
37 24 35 14 7 30 34 
13 18 17 18 34 24 30 
16 2 10 39 37 39 25 
25 18 37 6 20 11 38 
38 20 24 32 39 41 24 
15 17 21 28 30 36 4 
12 27 25 37 19 14 18 
40 27 2 5 21 35 25 
6 15 19 8 35 6 32 
24 9 22 36 17 34 21 
31 37 16 34 5 5 25 
12 28 8 3 16 17 18 
16 3 34 36 41 38 28 
37 32 34 7 22 36 6 
5 4 28 32 23 28 7 
39 31 41 40 25 11 38 
12 6 41 25 25 34 22 
19 23 39 4 7 18 32 
9 32 31 14 9 10 35 
31 17 37 7 33 40 41 
29 13 30 7 11 35 15 
30 11 21 41 22 32 8 
37 24 21 18 34 7 23 
19 35 4 16 8 2 10 
23 18 36 17 13 22 39 
8 25 26 10 28 41 36 
32 20 27 30 41 6 12 
21 11 21 24 4 22 33 
19 5 17 11 2 8 2 
31 18 34 5 34 17 33 
40 15 2 4 14 25 4 
7 41 11 27 35 25 37 
23 23 5 4 5 9 15 
40 34 8 31 5 15 35 
12 20 27 31 7 3 6 
33 32 18 34 8 31 19 
3 31 36 36 5 14 28 
39 14 11 27 10 41 10 
39 41 4 8 39 16 14 
17 8 2 31 6 32 38 
33 16 19 29 4 30 27 
37 6 32 2 4 25 25 
13 24 35 18 3 12 24 
36 10 6 41 41 11 31 
40 12 16 36 6 3 8 
25 3 13 3 25 16 29 
2 20 24 39 34 36 13 
21 32 8 36 2 26 38 
5 18 22 40 24 17 33 
36 4 17 7 30 21 41 
41 21 33 3 10 20 22 
13 20 4 22 3 12 12 
34 13 11 15 29 11 31 
34 36 14 28 3 3 33