14 5
42
0 6 2
0 7 3
0 8 3
0 10 9
1 6 8
1 8 4
1 9 8
1 10 2
1 12 10
1 13 6
2 5 4
2 7 4
2 8 3
2 11 8
2 12 8
3 5 10
3 6 5
3 9 1
3 10 1
3 12 7
3 13 4
4 7 4
4 9 5
4 10 7
4 11 7
4 12 1
4 13 10
5 7 4
5 8 7
5 9 5
5 10 10
5 11 8
5 12 2
5 13 9
6 7 10
6 13 5
7 13 4
8 13 5
9 13 8
10 13 7
11 13 6
12 13 2
12 9 21 17 10 
7 6 15 3 12 
4 20 9 9 21 
16 21 4 19 19 
2 3 10 12 15 
12 9 10 3 2 
11 8 10 16 13 
17 3 13 3 20 
2 6 8 19 15 
10 10 5 15 5 
3 10 6 4 13 
11 12 5 15 18 
12 10 9 12 20 
18 19 8 9 16
1e+008 86 73 39 81 
70 1e+008 69 97 23 
50 68 1e+008 62 64 
88 67 25 1e+008 84 
72 61 65 53 1e+008  