102 4
1877
0 17 16
0 20 3
0 25 16
0 26 10
0 38 6
0 40 14
0 41 4
0 47 15
0 49 10
0 61 18
0 69 17
0 73 13
0 78 10
0 91 17
0 97 1
1 13 1
1 14 6
1 15 15
1 20 19
1 23 2
1 24 20
1 25 5
1 26 1
1 29 1
1 31 2
1 36 2
1 38 4
1 41 6
1 43 5
1 44 7
1 54 1
1 55 13
1 56 5
1 57 12
1 58 14
1 60 18
1 62 15
1 65 8
1 66 11
1 67 14
1 73 19
1 75 5
1 76 3
1 77 10
1 78 3
1 79 6
1 84 20
1 86 20
1 95 17
1 96 15
1 97 5
1 98 8
2 12 5
2 13 11
2 15 1
2 16 1
2 18 18
2 19 13
2 22 18
2 25 6
2 27 8
2 31 6
2 33 8
2 37 6
2 38 3
2 39 17
2 40 5
2 42 14
2 43 12
2 44 10
2 45 10
2 48 17
2 50 4
2 52 16
2 54 11
2 55 1
2 57 8
2 59 1
2 60 20
2 61 9
2 64 7
2 65 8
2 66 10
2 67 17
2 69 15
2 70 19
2 71 13
2 72 9
2 73 5
2 74 3
2 77 2
2 78 16
2 80 3
2 85 19
2 86 15
2 91 13
2 92 12
2 94 17
2 95 3
2 97 8
2 99 12
2 100 14
3 12 19
3 13 8
3 14 3
3 15 15
3 18 6
3 23 16
3 25 2
3 27 9
3 29 15
3 33 1
3 39 13
3 41 1
3 44 6
3 48 14
3 49 10
3 50 11
3 51 6
3 53 1
3 54 18
3 55 15
3 61 2
3 62 14
3 67 4
3 69 10
3 72 9
3 73 16
3 75 10
3 76 2
3 77 20
3 78 14
3 82 6
3 83 18
3 89 2
3 93 18
3 96 19
3 97 4
3 99 4
3 101 17
4 13 5
4 20 7
4 21 2
4 22 1
4 26 3
4 27 2
4 28 11
4 30 11
4 33 4
4 35 8
4 36 4
4 37 9
4 40 8
4 41 4
4 42 6
4 43 6
4 44 17
4 45 20
4 47 7
4 48 4
4 49 7
4 50 8
4 51 1
4 52 4
4 55 10
4 56 16
4 60 13
4 61 17
4 65 16
4 66 3
4 69 9
4 70 3
4 71 6
4 72 9
4 73 4
4 74 8
4 75 18
4 76 9
4 77 14
4 80 1
4 83 19
4 84 13
4 86 9
4 87 1
4 89 8
4 90 13
4 92 10
4 94 20
4 96 16
4 97 7
4 98 19
4 101 4
5 85 10
5 98 7
6 14 4
6 15 15
6 16 6
6 17 17
6 19 10
6 20 20
6 25 15
6 27 14
6 28 13
6 30 20
6 31 9
6 32 16
6 34 14
6 35 17
6 37 14
6 43 4
6 44 19
6 45 10
6 46 15
6 50 10
6 52 1
6 53 5
6 56 13
6 57 12
6 59 11
6 61 9
6 62 2
6 63 15
6 64 2
6 69 7
6 70 5
6 78 13
6 82 11
6 86 1
6 87 10
6 89 14
6 90 19
6 94 15
6 98 13
6 100 2
6 101 14
7 14 15
7 16 15
7 18 17
7 22 19
7 25 4
7 26 12
7 33 5
7 36 2
7 37 20
7 39 9
7 40 1
7 42 19
7 43 6
7 45 9
7 48 9
7 49 13
7 50 6
7 51 5
7 58 8
7 59 8
7 60 3
7 63 5
7 65 16
7 70 1
7 71 16
7 72 20
7 74 9
7 77 11
7 81 14
7 83 11
7 85 12
7 87 3
7 88 10
7 92 7
7 93 13
7 94 14
7 95 8
7 99 16
8 12 14
8 13 10
8 16 11
8 17 5
8 20 18
8 28 18
8 30 7
8 31 19
8 33 13
8 34 1
8 36 5
8 38 13
8 39 17
8 40 10
8 43 5
8 44 8
8 46 17
8 50 10
8 51 10
8 52 8
8 53 15
8 54 1
8 57 9
8 58 17
8 60 11
8 62 14
8 64 16
8 67 6
8 70 4
8 71 19
8 72 4
8 74 5
8 75 17
8 76 6
8 77 11
8 78 13
8 79 19
8 81 20
8 86 7
8 88 11
8 89 6
8 90 20
8 94 9
8 96 10
8 98 11
8 100 4
9 13 11
9 14 11
9 16 13
9 17 7
9 19 13
9 21 1
9 25 3
9 26 20
9 27 8
9 28 11
9 29 9
9 30 12
9 31 2
9 33 6
9 34 8
9 37 6
9 39 2
9 41 2
9 42 3
9 44 15
9 45 15
9 51 1
9 52 12
9 54 8
9 55 12
9 56 11
9 57 16
9 58 15
9 59 18
9 60 9
9 61 6
9 62 6
9 63 13
9 64 17
9 65 9
9 66 11
9 69 10
9 70 6
9 71 15
9 73 3
9 74 20
9 75 15
9 76 5
9 78 4
9 79 10
9 80 6
9 82 10
9 85 14
9 86 7
9 87 14
9 89 13
9 90 7
9 93 17
9 96 20
9 97 10
9 98 12
9 100 18
9 101 19
10 15 1
10 18 8
10 21 8
10 22 20
10 24 10
10 25 1
10 26 15
10 28 16
10 29 19
10 30 13
10 36 18
10 38 7
10 42 4
10 44 9
10 49 13
10 50 13
10 54 11
10 55 7
10 59 13
10 60 2
10 61 16
10 62 9
10 65 17
10 66 2
10 74 9
10 77 16
10 83 19
10 84 11
10 86 2
10 89 11
10 96 19
10 97 9
11 12 18
11 16 14
11 18 17
11 21 1
11 22 8
11 23 16
11 24 9
11 26 20
11 30 19
11 34 14
11 35 4
11 41 2
11 42 9
11 43 14
11 45 9
11 48 13
11 49 11
11 52 18
11 54 12
11 59 20
11 61 15
11 62 19
11 63 16
11 64 4
11 66 13
11 67 2
11 68 17
11 69 10
11 73 3
11 78 1
11 79 9
11 80 17
11 81 10
11 82 16
11 83 7
11 84 17
11 85 14
11 86 7
11 88 11
11 89 5
11 90 6
11 91 19
11 92 3
11 93 13
11 94 12
11 96 6
11 97 10
11 98 11
11 99 4
11 100 16
11 101 6
12 20 19
12 23 9
12 24 18
12 27 19
12 31 19
12 32 1
12 33 3
12 35 8
12 38 7
12 39 8
12 40 14
12 44 4
12 45 6
12 47 4
12 48 2
12 49 6
12 51 6
12 52 16
12 53 8
12 54 16
12 55 13
12 56 16
12 57 12
12 58 10
12 59 5
12 60 8
12 61 12
12 65 10
12 67 11
12 72 12
12 73 1
12 74 2
12 77 7
12 78 14
12 79 13
12 80 15
12 81 18
12 83 20
12 84 14
12 87 11
12 88 19
12 91 16
12 92 12
12 93 6
12 94 14
12 95 11
12 96 2
12 97 15
13 28 9
13 29 14
13 31 5
13 34 8
13 35 5
13 36 18
13 38 14
13 39 8
13 43 5
13 44 15
13 46 9
13 47 6
13 48 2
13 49 6
13 50 12
13 51 9
13 54 7
13 58 11
13 61 14
13 63 14
13 68 4
13 69 7
13 70 18
13 71 16
13 74 20
13 75 5
13 76 7
13 77 10
13 78 12
13 80 3
13 81 1
13 82 8
13 86 7
13 87 14
13 88 1
13 89 5
13 91 3
13 92 1
13 94 20
13 95 18
13 97 2
13 98 16
13 99 19
13 101 4
14 20 5
14 23 20
14 25 6
14 26 17
14 27 10
14 30 17
14 31 15
14 32 1
14 33 11
14 34 17
14 37 9
14 39 15
14 40 11
14 41 3
14 42 15
14 44 9
14 45 17
14 46 13
14 49 17
14 50 8
14 52 7
14 53 3
14 56 17
14 58 14
14 61 9
14 64 14
14 67 2
14 73 16
14 75 1
14 76 14
14 77 3
14 87 10
14 90 5
14 91 10
14 93 1
14 96 9
14 97 12
14 99 3
15 23 11
15 25 9
15 31 19
15 35 7
15 49 11
15 54 6
15 55 17
15 56 8
15 73 11
15 74 17
15 80 16
15 81 20
15 99 6
15 101 8
16 22 20
16 23 17
16 24 4
16 25 15
16 29 18
16 30 20
16 33 3
16 35 15
16 37 19
16 38 9
16 39 4
16 40 7
16 42 13
16 47 9
16 51 19
16 52 4
16 54 14
16 55 18
16 56 5
16 57 6
16 62 5
16 63 16
16 65 13
16 70 8
16 75 19
16 77 18
16 80 7
16 81 4
16 82 11
16 84 5
16 85 11
16 86 16
16 87 6
16 94 4
16 96 2
16 97 12
16 98 12
16 101 8
17 24 1
17 39 13
17 47 11
17 48 15
17 53 8
17 76 16
17 78 2
17 90 2
18 22 20
18 27 2
18 50 12
18 71 14
18 73 8
18 74 15
18 91 10
18 93 6
19 21 4
19 22 2
19 25 4
19 26 4
19 27 6
19 29 20
19 30 6
19 32 17
19 33 11
19 36 11
19 40 10
19 44 18
19 45 8
19 46 16
19 47 14
19 48 8
19 52 4
19 53 3
19 54 14
19 55 1
19 56 12
19 57 8
19 59 3
19 60 11
19 62 19
19 65 1
19 67 11
19 71 3
19 72 8
19 73 6
19 74 20
19 75 15
19 76 19
19 77 10
19 78 10
19 79 18
19 80 12
19 81 3
19 82 12
19 83 7
19 84 19
19 85 5
19 87 9
19 88 20
19 89 3
19 90 20
19 96 16
19 97 14
19 98 19
19 99 8
19 100 9
20 36 5
20 52 18
20 54 14
20 55 15
20 59 12
20 61 19
20 62 12
20 64 9
20 68 17
20 71 11
20 74 12
20 76 10
20 82 3
20 84 20
20 85 4
20 87 4
20 91 19
20 92 12
20 100 4
21 33 11
21 34 3
21 35 2
21 39 13
21 40 12
21 42 18
21 43 7
21 45 3
21 49 14
21 51 4
21 52 15
21 61 13
21 62 3
21 72 14
21 75 3
21 77 9
21 80 8
21 84 14
21 86 8
21 87 9
21 90 20
21 91 6
21 93 17
21 97 18
21 100 1
21 101 2
22 32 12
22 33 1
22 36 11
22 37 8
22 39 19
22 40 16
22 41 9
22 45 5
22 49 20
22 51 12
22 55 14
22 56 20
22 58 20
22 61 8
22 62 13
22 63 6
22 65 4
22 67 2
22 68 14
22 69 4
22 70 10
22 71 16
22 72 19
22 73 15
22 75 13
22 76 7
22 77 7
22 78 19
22 79 12
22 80 10
22 82 12
22 83 15
22 85 11
22 87 6
22 88 16
22 91 18
22 92 4
22 94 8
22 96 20
22 99 12
22 100 2
23 36 12
23 37 19
23 39 11
23 41 8
23 43 10
23 47 3
23 48 19
23 49 19
23 51 10
23 52 16
23 54 13
23 56 11
23 58 4
23 61 4
23 62 7
23 66 20
23 67 3
23 68 13
23 69 13
23 70 4
23 71 6
23 72 6
23 77 13
23 78 16
23 79 14
23 82 11
23 87 7
23 88 12
23 89 3
23 90 2
23 93 16
23 95 13
23 97 17
23 98 10
23 99 4
23 101 19
24 32 5
24 33 16
24 35 9
24 36 11
24 41 19
24 44 14
24 45 16
24 49 8
24 54 10
24 56 14
24 59 8
24 62 19
24 64 6
24 66 12
24 69 5
24 70 16
24 76 2
24 77 17
24 79 19
24 80 3
24 82 2
24 83 19
24 85 6
24 86 5
24 92 3
24 93 6
24 95 6
24 97 19
24 98 4
24 99 16
24 100 2
24 101 9
25 35 19
25 36 7
25 43 5
25 44 1
25 45 9
25 46 11
25 53 14
25 60 2
25 61 17
25 64 2
25 65 9
25 66 10
25 68 5
25 71 19
25 73 1
25 75 12
25 79 15
25 80 13
25 82 5
25 86 16
25 88 10
25 89 17
25 90 15
25 97 3
25 98 3
25 99 14
25 100 3
26 46 8
26 54 12
26 58 2
26 59 5
26 63 2
26 80 11
26 91 12
27 35 11
27 36 16
27 41 2
27 42 8
27 44 8
27 45 5
27 46 7
27 47 9
27 48 15
27 50 9
27 51 17
27 52 12
27 53 4
27 55 18
27 56 5
27 59 4
27 62 12
27 63 13
27 64 11
27 65 8
27 68 14
27 69 17
27 71 12
27 72 14
27 73 15
27 74 18
27 77 13
27 79 2
27 81 7
27 82 13
27 84 4
27 89 15
27 94 3
27 97 17
27 98 20
27 101 7
28 32 17
28 33 1
28 36 19
28 37 14
28 38 10
28 39 15
28 40 7
28 43 18
28 46 14
28 53 8
28 57 1
28 60 20
28 62 18
28 63 5
28 71 17
28 72 14
28 73 9
28 76 10
28 79 6
28 80 12
28 81 20
28 82 15
28 83 8
28 84 4
28 85 19
28 87 2
28 88 8
28 90 11
28 91 17
28 92 11
28 93 4
28 95 8
28 97 3
29 39 15
29 40 14
29 41 18
29 42 15
29 44 18
29 47 11
29 48 12
29 52 14
29 53 9
29 54 3
29 58 11
29 62 14
29 63 16
29 66 1
29 72 16
29 79 13
29 81 9
29 88 14
29 89 15
29 91 2
29 94 3
29 95 14
29 101 7
30 32 14
30 34 8
30 35 2
30 36 8
30 39 18
30 43 14
30 45 1
30 47 11
30 49 1
30 53 16
30 55 16
30 56 12
30 57 14
30 61 12
30 62 13
30 69 4
30 73 15
30 75 5
30 76 16
30 82 7
30 84 2
30 87 12
30 88 15
30 92 15
30 94 1
30 96 9
30 97 12
30 98 10
30 99 15
30 100 9
31 32 14
31 33 8
31 35 20
31 40 6
31 42 11
31 47 13
31 51 7
31 52 13
31 53 1
31 54 5
31 55 9
31 57 5
31 60 9
31 65 10
31 66 18
31 67 1
31 70 15
31 74 17
31 75 6
31 78 7
31 79 3
31 80 15
31 81 18
31 83 14
31 84 11
31 87 6
31 88 13
31 93 16
31 95 20
31 96 11
31 100 2
31 101 6
32 40 19
32 42 12
32 45 4
32 47 16
32 52 12
32 53 5
32 56 2
32 60 2
32 61 9
32 73 5
32 76 7
32 78 14
32 82 8
32 86 14
32 89 4
33 40 20
33 41 6
33 42 7
33 44 11
33 48 1
33 54 2
33 61 16
33 62 16
33 66 20
33 68 15
33 72 12
33 73 8
33 75 4
33 76 4
33 80 18
33 83 14
33 84 10
33 91 7
33 92 8
33 93 13
33 98 18
33 100 3
33 101 19
34 40 2
34 42 8
34 43 8
34 44 6
34 45 14
34 48 9
34 50 15
34 51 13
34 53 12
34 54 8
34 55 17
34 57 20
34 59 7
34 61 7
34 62 8
34 70 20
34 71 7
34 72 7
34 75 4
34 77 20
34 78 9
34 83 9
34 84 5
34 87 9
34 88 14
34 89 17
34 92 1
34 93 4
34 94 10
34 95 6
34 98 18
34 99 5
34 100 12
35 39 15
35 41 11
35 42 4
35 43 19
35 44 12
35 47 8
35 51 15
35 52 11
35 54 2
35 56 10
35 58 6
35 61 1
35 63 20
35 64 18
35 67 15
35 68 14
35 69 7
35 72 14
35 73 11
35 74 4
35 75 9
35 77 12
35 78 9
35 79 18
35 81 12
35 82 10
35 83 15
35 84 5
35 85 3
35 86 6
35 87 17
35 88 10
35 90 7
35 92 5
35 95 3
35 96 12
35 97 1
35 98 19
35 99 6
35 100 3
35 101 4
36 40 10
36 42 18
36 43 1
36 44 5
36 47 19
36 50 2
36 51 7
36 55 9
36 56 8
36 57 13
36 59 6
36 61 18
36 62 11
36 63 17
36 64 10
36 65 8
36 66 16
36 69 11
36 70 7
36 73 8
36 74 18
36 75 1
36 76 19
36 77 6
36 78 11
36 80 10
36 82 20
36 83 13
36 84 5
36 85 18
36 86 5
36 88 16
36 89 14
36 91 8
36 92 7
36 94 17
36 96 4
36 97 3
36 98 9
36 99 9
36 100 17
37 41 18
37 46 13
37 52 7
37 54 9
37 55 13
37 59 5
37 60 15
37 62 15
37 65 10
37 70 13
37 71 14
37 74 11
37 78 3
37 79 18
37 83 4
37 87 14
37 89 2
37 93 10
37 94 5
37 98 16
37 101 16
38 56 19
38 57 9
38 58 14
38 59 17
38 63 20
38 65 18
38 72 18
38 75 8
38 76 3
38 81 7
38 82 13
38 84 1
38 86 16
38 87 3
38 99 17
39 59 7
39 70 18
39 77 5
39 84 6
39 87 7
39 88 8
39 95 14
40 64 6
40 67 1
40 68 5
40 69 2
40 73 12
40 74 16
40 82 17
40 84 11
40 86 18
40 87 19
40 88 2
40 90 18
40 91 8
41 56 7
41 57 1
41 58 19
41 61 7
41 62 2
41 64 3
41 67 8
41 71 19
41 74 20
41 76 3
41 79 7
41 80 5
41 81 20
41 82 17
41 84 11
41 86 4
41 87 15
41 88 20
41 89 12
41 90 17
41 91 7
41 92 18
41 93 7
41 94 17
41 95 11
41 96 1
41 97 11
41 98 17
42 60 2
42 61 19
42 66 10
42 69 19
42 70 3
42 75 15
42 81 12
42 85 18
42 86 20
42 87 4
42 89 3
42 90 2
42 91 5
42 92 6
42 97 5
43 57 2
43 58 1
43 59 16
43 60 9
43 62 14
43 64 8
43 65 19
43 66 18
43 67 15
43 69 2
43 70 20
43 72 8
43 73 2
43 75 19
43 76 2
43 78 5
43 79 20
43 80 7
43 81 2
43 88 17
43 89 12
43 94 3
43 96 18
43 97 19
43 99 12
43 101 15
44 63 11
44 64 11
44 65 14
44 66 3
44 68 17
44 69 11
44 70 11
44 72 17
44 76 13
44 78 17
44 79 7
44 80 3
44 82 11
44 85 7
44 86 16
44 90 5
44 91 15
44 93 11
44 94 7
44 96 6
44 97 13
44 98 5
44 99 3
45 56 10
45 60 12
45 61 1
45 64 6
45 68 1
45 69 11
45 73 10
45 74 16
45 75 3
45 76 15
45 77 4
45 78 17
45 84 4
45 85 1
45 89 18
45 90 6
45 91 12
45 92 15
45 93 5
45 95 8
45 96 19
45 98 19
46 57 12
46 58 18
46 60 12
46 61 20
46 62 9
46 65 1
46 66 7
46 70 3
46 76 5
46 77 16
46 78 17
46 79 16
46 81 10
46 82 1
46 89 6
46 92 16
46 97 18
47 57 16
47 61 14
47 63 15
47 67 15
47 68 5
47 71 7
47 77 5
47 78 11
47 84 6
47 88 9
47 91 17
47 92 10
47 96 5
47 97 20
47 100 8
48 56 11
48 57 8
48 59 20
48 60 13
48 61 14
48 63 8
48 64 12
48 70 1
48 72 12
48 75 4
48 77 16
48 80 7
48 81 5
48 83 11
48 84 13
48 85 7
48 86 15
48 87 11
48 88 16
48 90 5
48 92 17
48 94 6
48 95 19
48 96 19
48 98 5
48 99 12
48 100 19
48 101 3
49 57 17
49 59 11
49 60 19
49 61 14
49 64 16
49 65 6
49 68 9
49 69 8
49 70 3
49 71 4
49 72 6
49 74 6
49 75 16
49 76 6
49 79 8
49 80 15
49 83 16
49 85 13
49 86 12
49 88 5
49 89 7
49 90 16
49 91 17
49 92 20
49 94 17
49 95 1
49 96 11
49 98 20
49 99 8
50 58 1
50 66 7
50 68 6
50 74 19
50 75 19
50 78 5
50 80 17
50 82 15
50 83 6
50 88 4
50 91 7
50 94 20
50 95 3
50 96 13
50 101 16
51 89 19
51 96 10
51 97 2
52 57 13
52 65 14
52 67 11
52 68 17
52 72 20
52 73 10
52 76 6
52 77 20
52 79 12
52 82 14
52 86 7
52 91 12
52 93 11
52 96 7
52 100 11
53 57 14
53 61 14
53 67 18
53 70 11
53 79 14
53 81 12
53 87 6
53 89 14
53 100 16
53 101 14
54 58 14
54 59 16
54 61 17
54 64 14
54 67 13
54 79 7
54 83 18
54 85 20
54 86 10
54 87 20
54 97 12
54 100 14
54 101 5
55 56 3
55 57 18
55 63 15
55 64 4
55 68 7
55 69 20
55 70 17
55 71 5
55 72 2
55 73 12
55 74 8
55 75 15
55 76 11
55 77 4
55 80 1
55 82 9
55 84 12
55 85 16
55 86 1
55 87 15
55 88 15
55 89 1
55 90 15
55 94 1
55 96 8
55 98 12
55 100 15
55 101 13
56 60 10
56 61 17
56 62 7
56 64 9
56 65 13
56 67 4
56 68 13
56 69 14
56 70 17
56 74 3
56 76 5
56 78 18
56 80 20
56 85 14
56 86 4
56 87 16
56 89 8
56 90 2
56 91 15
56 92 17
56 94 11
56 95 5
56 98 10
56 101 5
57 60 18
57 61 10
57 66 13
57 67 16
57 68 10
57 70 7
57 71 7
57 76 3
57 79 2
57 81 18
57 82 13
57 85 17
57 86 10
57 89 9
57 90 4
57 91 5
57 92 6
57 93 20
57 96 10
57 98 9
57 99 19
57 100 17
57 101 15
58 68 19
58 73 1
58 76 7
58 80 13
58 88 5
59 61 15
59 62 18
59 64 5
59 65 19
59 67 6
59 68 20
59 71 14
59 73 20
59 74 13
59 76 6
59 77 11
59 78 1
59 79 11
59 80 13
59 84 9
59 85 3
59 86 6
59 88 19
59 89 8
59 90 10
59 91 10
59 95 5
59 96 20
59 98 1
59 101 5
60 73 8
60 92 19
60 94 14
61 64 7
61 65 5
61 66 10
61 69 8
61 70 9
61 71 14
61 72 1
61 77 19
61 80 9
61 83 20
61 84 9
61 90 19
61 93 11
61 95 5
61 96 7
61 97 2
61 100 6
61 101 20
62 65 20
62 66 19
62 67 2
62 68 2
62 69 15
62 71 18
62 72 15
62 74 1
62 76 10
62 79 5
62 81 3
62 83 9
62 86 18
62 87 15
62 93 6
62 98 10
62 100 10
63 66 3
63 68 15
63 69 3
63 72 15
63 78 13
63 79 18
63 80 10
63 82 6
63 83 19
63 84 11
63 86 20
63 88 16
63 89 9
63 90 11
63 91 14
63 92 8
63 93 17
63 95 2
63 98 20
63 99 6
63 100 20
63 101 19
64 68 14
64 69 5
64 71 10
64 72 1
64 73 9
64 75 7
64 77 9
64 78 7
64 81 18
64 83 20
64 84 8
64 85 2
64 86 18
64 91 13
64 95 16
64 96 14
64 101 10
65 77 9
65 79 4
65 98 10
66 68 19
66 74 19
66 83 1
66 101 19
67 68 13
67 71 7
67 79 15
67 81 18
67 82 12
67 85 9
67 86 19
67 89 20
67 94 16
67 95 17
68 85 5
68 89 14
68 93 7
68 98 17
68 99 9
68 100 6
69 85 5
69 86 8
69 87 18
69 94 15
69 96 9
69 97 18
69 100 10
70 86 16
70 87 20
70 88 11
70 90 6
70 92 2
70 93 16
70 94 16
70 97 11
70 99 20
70 100 4
70 101 18
71 84 9
71 86 7
71 87 8
71 88 7
71 90 9
71 92 12
71 93 9
71 94 6
71 96 20
71 98 8
71 99 5
72 86 1
72 87 16
72 88 1
72 89 3
72 90 3
72 92 15
72 93 18
72 95 2
72 97 17
72 99 17
72 100 4
72 101 7
73 86 5
73 87 10
73 90 13
73 91 14
73 93 16
73 94 3
73 95 6
73 98 17
73 99 11
73 100 16
73 101 15
74 84 11
74 85 9
74 86 15
74 88 19
74 89 8
74 93 13
75 85 7
75 88 2
75 91 13
75 93 14
75 94 1
75 100 17
76 85 4
76 90 9
76 91 8
76 92 3
76 93 13
76 94 16
76 95 13
76 96 16
76 97 8
76 100 6
77 84 16
77 85 16
77 88 18
77 89 6
77 90 2
77 92 19
77 95 10
77 98 10
77 99 3
78 84 11
78 86 4
78 87 15
78 88 11
78 89 9
78 90 3
78 95 5
78 97 4
78 98 20
78 99 11
78 101 4
79 85 14
79 86 19
79 88 14
79 89 9
79 91 7
79 92 19
79 94 15
79 98 16
79 99 18
79 100 9
79 101 4
80 84 13
80 85 20
80 86 20
80 87 3
80 88 2
80 89 2
80 92 13
80 93 1
80 94 3
80 97 8
80 100 2
80 101 13
81 84 11
81 86 11
81 87 6
81 93 11
81 94 2
81 99 12
81 100 11
82 84 19
82 86 4
82 89 8
82 90 5
82 91 13
82 93 3
82 94 16
82 95 12
82 97 2
82 98 15
83 89 9
83 95 11
84 89 15
85 89 5
86 89 10
87 89 16
88 89 1
90 89 12
91 89 13
92 89 5
93 89 11
94 89 17
95 89 1
96 89 2
97 89 20
98 89 10
99 89 4
100 89 8
101 89 1
27 17 10 49 
14 61 43 56 
13 46 51 23 
69 75 37 54 
18 24 47 21 
75 56 21 35 
14 45 40 26 
3 69 71 70 
22 30 63 16 
26 14 74 2 
47 46 80 42 
74 25 3 12 
50 25 55 9 
75 41 64 68 
60 16 16 69 
18 43 36 57 
57 17 57 14 
59 32 13 61 
7 12 54 18 
48 7 81 21 
49 49 3 36 
67 54 13 17 
30 53 50 14 
65 41 12 10 
51 35 36 51 
14 67 35 58 
36 79 58 64 
79 53 68 31 
13 7 69 35 
42 15 47 35 
48 46 13 10 
36 40 62 13 
42 31 4 59 
49 33 3 57 
20 73 69 48 
74 3 29 13 
64 59 36 16 
8 11 53 34 
67 69 25 34 
24 40 75 17 
38 11 78 54 
12 32 2 60 
50 27 73 75 
27 25 63 25 
61 13 16 33 
70 6 60 67 
47 42 16 80 
78 40 43 39 
32 52 60 11 
8 19 73 12 
31 21 21 21 
66 40 60 11 
81 55 43 48 
30 27 4 18 
59 77 29 25 
43 60 28 42 
47 50 66 9 
41 41 16 47 
34 30 47 69 
37 26 72 9 
81 54 50 21 
66 32 46 28 
43 63 41 25 
25 19 65 56 
11 60 68 11 
25 50 17 46 
81 34 70 79 
34 14 63 6 
63 38 38 76 
11 70 22 74 
9 69 63 58 
25 23 8 59 
73 23 58 78 
35 44 77 44 
54 2 7 36 
44 44 20 14 
6 57 22 54 
5 70 37 17 
35 61 37 23 
11 78 76 3 
49 68 31 69 
32 67 5 67 
37 28 54 55 
4 69 13 26 
7 11 59 39 
42 16 12 48 
64 79 54 42 
71 62 27 18 
63 13 31 65 
69 66 50 3 
9 50 78 25 
39 20 64 44 
45 40 71 53 
12 13 21 55 
31 50 29 34 
81 65 8 59 
51 21 5 4 
49 6 12 28 
58 6 5 22 
37 36 22 73 
10 34 46 31 
4 79 19 42
1000000000.00 54.00 47.00 76.00 
93.00 1000000000.00 75.00 64.00 
101.00 55.00 1000000000.00 77.00 
57.00 64.00 2.00 1000000000.00 